04397
05685
11904
10732
09412
10397
09217
03141
05999
07786
12745
11295
06279
10134
03623
09060
01878
03249
10107
06906
14003
00459
12112
01009
14252
13070
04033
08361
03288
02781
09278
00593
08330
08937
04294
04574
11581
12333
00625
05071
08185
08797
09010
10072
03531
02688
08618
13499
09696
06197
11440
04109
02686
09772
03862
11882
01139
14055
09150
07365
03885
08663
04239
10900
04478
05059
08873
09916
08280
09983
09886
07015
14031
13186
01134
03420
01220
13018
12505
01396
04473
12460
00823
09727
13179
01165
10769
07302
08939
00207
10497
06246
11698
11800
04540
06111
09448
11901
14314
04688
13747
05446
06994
05348
08756
10840
09582
13594
05620
13708
03153
10803
07100
04653
13787
03042
05844
05280
06060
11562
00424
00523
05327
11660
03202
10959
11393
07670
02819
05001
05964
07804
09743
09282
07459
13061
04838
12814
02568
04373
01206
03097
01737
14331
05357
10457
11411
12603
00127
01373
08902
00996
08439
00265
04198
13715
08130
01143
04585
04671
14319
07894
10136
09884
11474
03211
03068
04164
13563
00029
09223
14012
10922
05632
07656
09854
07532
10603
10682
11085
12467
13433
05342
04088
03050
12648
04686
00080
13453
03052
08207
12388
13429
01706
10262
10651
01465
03984
13101
08120
07653
03230
10413
02643
11621
09286
11389
11374
02883
04467
12391
01867
02182
06767
01202
04005
03848
05619
00792
02891
13152
10970
08212
13797
01343
05047
10268
06646
08423
14041
02174
00831
06834
09486
10447
08708
03562
04162
13692
10174
09576
00460
08850
01604
00738
00167
04729
10340
06198
13807
02656
09308
08843
05046
07243
04726
01873
02991
13833
12128
11358
00734
05929
12674
03815
08362
03080
03956
04630
12772
02813
10794
09642
14045
04740
00490
00370
00209
10520
00087
12584
08920
07344
08025
09750
09384
02074
13671
03778
11817
11984
10335
11498
06876
02458
13169
06114
12300
11506
06530
14364
08685
05996
07097
13006
08278
10376
00966
04424
11956
08832
08670
09407
00747
12707
00693
11086
04915
03959
05939
04950
06170
11724
10495
05177
05662
11359
02107
10981
13403
07258
07226
09260
10974
07629
01255
09126
02003
10102
04330
08731
10951
07143
11356
09232
10155
02188
07157
10296
06615
02927
03248
08346
13339
09446
09143
01302
07734
12894
11990
04549
07520
13358
03986
06525
12343
08573
06573
10185
00335
06126
08266
13674
05606
01712
02569
05155
07411
09251
09987
05519
12834
10963
00065
02313
08270
03545
04448
08408
05183
13556
01719
11547
06218
02825
00352
07050
08194
05190
09049
09723
08529
02013
00304
04807
07162
07428
01848
11544
03857
06850
13593
10341
13374
03130
01271
08141
04089
08992
01944
00759
13988
02644
00617
14004
04596
00287
06599
07625
05033
06325
01192
04541
04407
07675
03999
05550
09676
01348
00414
07491
06005
04599
05251
12558
04214
05087
12393
09111
06517
00203
11694
10221
07453
09287
10504
14214
12117
12634
08267
00105
01482
12020
03110
03067
04241
00908
10700
12407
11922
05130
03755
02131
05228
01581
10229
12950
00979
00495
07375
00735
09678
11681
09092
12901
05995
08526
11083
10154
12037
02720
05263
13248
11033
02611
03389
07853
05515
00592
10683
03536
01797
03313
00636
12471
13648
14185
04981
05512
02161
13923
02949
05168
05077
12906
05750
02101
02636
09244
12755
09561
08563
10266
06244
01190
10969
13297
11017
08985
05705
11228
03216
01268
04303
14196
12049
00227
00319
10648
09301
03497
12446
12524
11828
12275
10830
08124
07295
05558
01029
09013
05604
03123
13961
04027
11816
12477
04912
02179
08488
09135
04031
11414
00239
10496
00569
13445
00643
13209
06567
00993
09728
01298
11234
07316
12786
07898
05239
04475
11306
00822
10099
10147
02457
08767
09011
00040
05827
09687
05295
13450
07613
08929
09041
02327
10219
07547
04674
07206
03229
05673
05735
10852
12513
07835
02136
05393
09023
00843
06150
09195
11659
12917
08705
08695
06926
06191
12130
08686
10786
05825
08723
10435
04584
11767
10097
05664
08509
00212
00811
06130
12990
12059
12910
10182
14280
11722
00640
00365
02069
09247
12132
04284
13000
08495
06551
06087
07817
05083
04845
09236
09380
06904
01007
10697
13490
04613
13262
03789
06962
10183
07658
03457
02798
07202
11884
09506
05361
02108
05941
10006
05883
04776
09612
02096
06241
04699
01375
06667
11000
09936
12290
08538
04670
04867
11327
12995
10913
11797
09015
13645
10460
00635
07999
08241
00808
10540
05235
11628
07920
01359
13032
07534
09400
13947
01082
01609
05474
06456
03894
10889
10227
09984
05246
02465
14000
02423
10246
07700
11955
10524
02429
09754
06717
09080
05766
01185
10975
11372
02497
05260
11469
08261
04178
06777
05121
06541
13349
12570
09394
10773
07089
01158
10756
09167
06251
10619
08710
02277
00938
14188
00378
12830
00916
08134
04439
00905
04197
07208
12780
05081
13373
07121
01839
12656
12784
09388
06533
09079
13304
09744
12318
11519
11773
10976
13711
10426
14324
12367
03493
12987
02288
02042
11578
07386
11212
03909
09444
06546
00864
04931
00696
13609
10445
02967
03727
06285
06381
12593
09977
13489
10809
10842
00609
09105
12220
05035
09334
12167
02650
05549
09129
05605
11744
13507
02366
02917
06654
09354
00273
14343
10650
10595
01956
08213
03156
09640
06977
08489
08162
10885
12777
13038
11298
07200
05607
01864
01510
13842
11313
13148
03500
06417
05270
11656
11281
08142
03264
11631
10210
06887
09472
13591
02115
03465
09281
11056
05583
06265
07699
14134
10314
05868
03659
13399
02577
00310
12538
08762
00697
06821
10777
03824
11135
12974
11757
13832
12534
03567
08585
00097
01480
09609
13509
09539
09416
06787
09415
10464
12304
08817
01514
03925
13211
00047
12406
10200
13572
08447
10583
10212
11747
13865
07468
01237
00013
13607
11720
12528
04868
13271
02399
00827
12890
11111
09603
11586
04645
12580
00651
12673
14024
01389
11029
12416
08370
09748
07289
08151
06921
11214
14289
07451
09771
07462
10854
08722
01925
09846
04864
03485
07052
05213
13813
09518
04167
03111
12295
09924
08506
10471
07023
08799
04336
04156
01217
13063
00094
08678
03204
04721
03112
08348
00740
09581
12953
06366
10509
08402
00644
10463
08292
09792
07039
13418
07765
07108
13919
12869
08307
07021
08287
06796
11304
12911
12202
08149
12075
04910
11657
06898
12835
00757
08000
12056
10431
02143
11520
00770
14093
09075
01381
03375
10285
03663
04091
00421
10987
06710
06513
10720
06141
11265
09059
08273
01513
03730
02080
09587
08224
02123
09786
07417
10601
08098
06062
14318
00615
00531
03817
13733
01084
10649
00654
05654
12651
14233
11412
03664
07677
13576
11760
13901
00451
02673
02489
02454
04578
05005
02002
08326
14357
04558
06165
01374
05635
10941
08682
05364
08930
08638
13361
01057
14097
12155
11397
10715
13434
05834
04304
13183
08680
12048
07712
14123
09514
04274
14338
12510
09209
03322
13812
08597
11470
09840
11810
02859
14084
12665
01183
06799
05853
04157
10214
08611
13030
07516
05165
13705
12441
03821
14075
14153
04778
09879
06501
02893
00154
08373
11015
01507
06071
13062
11813
11244
02735
10310
04905
01289
01145
08782
01004
14094
11166
09653
00193
10782
11852
02613
03167
05093
11409
05420
05746
08512
04114
10165
00812
13212
14227
10230
05475
09660
11756
13263
11509
13147
06928
00828
10113
13003
03705
02557
09624
13244
05292
12948
05162
06779
10945
01199
13328
13651
10056
07212
02700
13741
03698
09735
00833
02635
12390
06239
01606
04392
08347
00500
08239
04320
13627
14310
03361
03254
00990
04972
08205
07706
01444
03136
02703
03880
10244
04176
08819
07447
04144
02777
07934
07204
03846
08084
05943
09297
03515
10772
03321
06496
13138
02811
05041
07028
11885
01189
05611
12377
05718
08881
03363
03214
08223
12207
08778
07748
13889
12410
06532
14033
10745
10003
13113
00436
02229
12429
07499
08763
10156
01033
08357
03717
07217
00881
11867
12205
05857
11472
00426
02932
12688
06930
11487
00524
10137
01926
06451
06397
03368
00439
13167
03114
07688
12329
06142
00785
06885
13226
02017
03509
07768
04552
06056
11769
00579
02224
13478
02034
01299
05257
05442
06970
07090
12307
12487
00192
11871
01669
13343
08236
01124
00802
14339
12184
01735
04930
14106
07576
08774
04485
02980
03492
08758
07280
07244
12479
03233
05340
01852
11186
13774
09812
13960
12213
08717
06780
14173
10278
03276
13941
04888
10861
00695
04368
09523
04452
10225
00132
11075
06672
05762
05602
04036
04759
09215
09950
00879
04517
05737
03684
06698
13469
03896
13744
09681
13762
11283
12730
03886
07256
07837
07013
12327
11420
05674
11310
02920
05793
05912
02010
09157
12682
01219
05677
07044
02442
09028
04890
08140
02934
04068
08077
00425
13618
07020
03219
05413
13390
05754
09271
09632
11942
12514
06652
11299
05360
00997
10996
06702
11275
05482
09061
02343
12660
06216
09452
02519
08654
01421
12423
02494
05200
09516
03609
02025
01164
11490
00089
01927
07867
14298
11728
01353
09832
14342
03183
13134
09487
05356
05013
10917
05308
08091
08148
01985
09864
01066
08226
09809
13539
04181
12266
05820
12583
02472
10784
01050
02960
13040
06274
00433
05501
03553
12360
07431
09339
05049
13365
12263
10491
08567
01157
05471
13210
03524
04523
12236
06478
12587
12016
03340
03020
10521
05901
10044
05588
05256
01006
10892
14165
04269
13638
12094
10068
11626
05415
12324
10916
06524
04860
07159
13585
00744
11261
08479
02461
02869
09402
07512
00752
03169
11665
08848
07755
13461
04319
13110
00452
00821
12288
08160
12608
11220
12433
03026
02144
12604
09501
11788
12061
02121
13505
11368
11081
03073
03780
05548
03624
14073
12461
03455
02907
03933
07770
10581
09627
09191
09176
06267
05726
11489
13782
00042
02319
00648
04617
12547
05956
03241
01430
11387
03519
01244
13528
06592
13259
06006
07686
00887
09151
07737
07110
09004
08551
04003
01528
01410
06253
06566
12229
02637
10645
07842
13205
07823
14292
03612
11006
11201
13204
00980
13166
09077
13312
08201
03676
14117
03551
02860
10991
03258
12620
06490
02404
11395
03003
02502
01542
01741
08014
09250
10705
14077
10514
10238
03171
07561
06237
07796
11485
03646
12666
04484
09424
03275
01812
13838
10891
06743
13252
08754
04246
09326
08144
02394
05010
09197
12380
13156
02082
02184
07831
05969
01653
02957
00955
06498
05643
09367
06981
02414
13195
09591
13181
06975
10920
06875
07219
13702
09222
09349
00260
03383
02954
02952
03462
08405
09122
00119
13540
12845
03840
00467
10559
12668
08245
01272
08039
08431
07332
06281
09266
11887
07348
03036
10833
02483
06738
01097
01508
02362
13868
00958
02151
12382
11752
01889
07798
11184
01392
03232
04913
12537
00446
01524
00298
12759
07897
04852
11185
00411
12147
04514
09120
12767
11870
03563
08888
12876
11645
06854
11587
05716
11853
10425
01384
11149
00583
03532
00248
09835
09734
13623
10217
12877
09655
06319
12314
14112
01515
13201
11396
03977
08779
00795
01216
05694
09555
02044
10692
02280
10989
06712
13963
06283
00168
09362
06386
00739
03863
05458
00818
04908
10569
02005
04755
03125
12293
12542
08415
00198
00171
03252
09231
01973
08725
11680
09639
01763
09268
10331
00479
04554
11099
14011
01849
08057
12686
07342
13337
02029
02233
03958
04306
07657
00920
12046
06402
11599
06143
09675
13124
09097
05753
03752
10864
13642
04469
03522
07259
10924
08390
07483
01988
08856
11566
02438
07178
01163
13561
07199
01546
00362
02380
02746
05699
01415
01211
12507
04086
11123
11543
10143
00368
06278
13352
04145
14219
12739
12481
05385
02353
02158
12533
11019
02447
03100
03236
07775
13687
07476
07293
13121
02717
00256
13619
14159
02413
01928
10543
02285
13173
04158
02304
04272
04235
02946
07757
05486
02658
00395
00185
05288
01872
03628
09538
00933
07933
12960
09124
03269
01464
14301
09460
13155
04758
10196
12838
00075
01605
13958
10151
04326
01152
08294
07190
09810
05259
04566
01799
05354
13420
10903
05574
06519
07176
13739
03936
04921
01450
06351
13412
08080
01734
13583
00194
06678
12079
06684
00685
10995
13768
01380
10940
02722
06502
00902
10847
01990
07608
02427
11960
11504
03022
06475
06275
11106
08692
14144
07635
03004
04689
13089
03247
02072
08720
04216
09697
07166
13029
05900
05582
12199
12322
00709
08191
03024
06323
11232
10033
08328
04420
07982
05671
07839
11794
13123
06149
03442
03514
08869
02330
12436
06512
02122
05196
07845
13553
01236
01851
06359
01987
01940
06439
04999
13154
04949
10194
00306
03872
13232
14040
02802
05751
06960
01194
00366
03268
04308
13517
12350
00984
05889
05115
13396
05507
12525
10912
12929
10091
13435
13254
03965
10429
05696
14337
04545
10606
02908
07960
07927
12218
09225
08896
00123
13307
02007
09397
04810
07752
08331
06301
01054
00790
10551
12358
06842
01785
06770
08449
10282
08890
02809
01771
13826
01767
00548
02581
01356
05581
08891
11286
11517
04208
03366
04871
06102
08910
04210
12649
08471
06561
11468
01027
13750
00195
03341
11978
01318
02706
02081
09825
04772
13439
11905
09478
10804
02487
08230
08845
12967
09739
09813
13188
07351
11194
07849
01274
00567
10057
07339
07568
07522
05000
04175
09849
00861
04443
08510
14194
00422
12791
04147
05427
13394
07988
03722
12822
11750
08769
10743
03671
13546
07857
05589
04787
11296
12023
01682
03660
01456
06322
01369
08772
05724
04396
05439
02834
11172
06266
04029
03285
00393
07403
11145
04012
02981
08101
00450
10880
00379
01875
10936
02692
06045
05126
06328
03194
07471
01218
01075
09650
00711
00876
03723
04832
02187
07279
00584
11908
07707
03647
08908
05252
13951
12086
10265
04379
10862
13486
11714
06590
12034
04990
02177
09067
07539
07609
12729
08603
13005
02701
06110
02877
04249
04050
11089
07666
12810
11711
03473
09716
02935
00236
04988
07274
03180
13755
04367
08699
08306
06139
05531
11511
00338
00578
11721
00851
02534
08002
07019
12543
08012
04600
11179
00809
09763
09007
07043
11954
00477
10934
02430
00499
12402
00055
13251
02249
08711
13564
01176
03399
08714
11060
06722
01125
01154
06221
06063
07424
02419
12659
04074
01910
12235
08572
04685
00601
01934
00516
04788
06190
11818
13151
09342
14053
12553
06075
02498
05477
05080
06984
13187
13717
07147
06601
02067
08502
01518
07323
08583
02033
04784
00936
06427
07691
01789
02838
12424
13377
10195
00965
12409
13871
06618
03558
06934
00475
13949
07012
12757
03738
10822
01788
05156
08290
13771
08854
04193
03058
09511
08593
10585
04822
12689
02800
09379
08161
10628
04509
13892
07241
03440
12797
13218
09343
13661
02959
14248
10117
07388
04530
06485
06483
12544
05931
02905
07353
09887
14078
07495
13372
08379
01040
10914
14361
06002
13669
09047
04045
07754
01792
13234
04024
09630
04318
12956
09777
07458
12555
08179
05048
08833
05681
08095
11064
02482
12234
06205
04537
04119
08316
10971
09337
08653
10956
02884
01526
04841
07892
00156
13182
03071
01101
02467
00384
09616
13861
10350
10456
03037
06990
07606
07611
12796
07875
09450
04464
09944
04635
11063
04568
07612
02064
02769
04327
01267
04873
13084
13033
13982
13171
13114
08900
13966
08210
13862
12010
05895
03743
06477
11031
14251
03092
00069
04237
01385
01067
06923
05814
01720
01534
09900
10781
08206
14179
10564
05304
05601
04001
07488
03291
01226
11846
11435
05851
11003
10206
02655
00632
09239
10618
04886
10746
04388
00659
14140
01882
12341
01393
00834
10910
09774
12425
04764
04863
03781
11666
05240
08036
02263
11938
01452
13078
08924
08801
09182
12017
04917
01923
08051
07889
08696
11230
05429
12403
13551
01419
02357
09736
13959
10587
12637
00329
00788
05633
05831
05832
05614
07840
00545
03921
02689
06076
06217
01441
09807
01815
09012
13219
01036
01863
05276
05226
05529
07366
13279
12954
00787
07854
12667
01774
04598
07140
13869
07029
01400
10063
04508
03033
07079
05992
07395
02114
01550
06626
14038
11168
11708
13052
09300
08055
09782
01182
05738
02895
07587
01907
10477
01555
13216
09066
06377
13158
00563
12693
13999
06334
06134
02278
02882
13722
00470
07480
00522
01919
13243
09165
04901
01010
12935
02988
08166
12859
02153
03610
04735
09819
12563
11833
09226
13079
04986
05991
06882
06632
05368
13734
12781
07542
00140
06526
14189
12209
10541
04612
00309
03658
10710
07503
04405
10950
10302
10652
06504
07676
03867
13481
12447
02240
11927
03407
01096
03222
08456
13370
13994
13815
04311
11993
05743
06750
00903
06079
10201
04444
04258
06049
08497
12217
04733
03035
13009
10899
05435
04260
01110
08011
11104
06448
03017
11536
05715
07912
01102
05988
06673
09372
06422
10856
09520
07450
03425
04985
13389
05024
06550
01617
02093
09567
08244
05972
04488
10005
03205
12628
14363
12908
09491
09373
03617
02056
09797
00134
01422
06438
10690
10641
09441
07744
13890
02095
03009
01041
09475
07268
11822
08727
11669
13580
13340
06256
05346
04963
11173
02829
13653
05476
02944
00960
08673
13017
12855
02616
06277
03159
08289
07827
13214
11071
12145
13422
01275
02814
10073
11630
05537
01939
13940
14086
00199
13781
10098
06304
13341
08513
09930
04366
07415
05450
09340
09701
13740
08811
06598
00712
08103
05161
09085
03422
10339
07647
08015
06476
09918
13824
12829
05428
09524
03186
13720
09116
00219
06179
13639
08614
03387
11909
09957
01915
08026
04191
04377
06690
03528
08114
02678
04030
01783
06929
13927
12292
12256
10038
10985
01903
11530
03822
01567
01742
01451
03954
03772
00095
13045
01900
13658
11122
04547
01173
00975
14290
09026
08962
01090
13612
02092
03324
06713
02273
01181
05547
09173
08934
04603
12243
07789
09410
04459
06640
08403
07405
11402
09406
00429
12228
13820
00520
11082
08749
08949
08871
02894
12396
07649
11707
08648
05147
12101
10323
05655
05982
11808
01930
03046
04314
10324
04542
11546
03938
05054
01755
10528
00330
09352
00949
07119
09662
04498
13569
09280
04592
02832
11679
10449
06964
01046
03142
07858
04681
08541
11062
08097
08784
02294
14026
02495
05123
04380
06578
06292
04391
01262
02006
02913
12856
09218
02788
04128
01203
05708
02693
12642
10216
09689
07589
05335
13095
02393
13371
01003
04207
05395
06892
08688
12305
05761
12979
03858
06010
09329
10613
04650
04756
03902
08511
01344
05313
05945
05498
13386
08018
08728
12753
12871
11527
08259
12880
10027
13278
10109
00526
01293
11861
10901
10171
07446
07363
02683
03001
03596
03732
10670
04684
05728
01016
03516
03691
07203
11605
04522
10680
02804
02855
00574
11377
03458
08543
10186
05347
09408
04659
05140
06793
08383
08915
08571
11002
03807
05722
07000
06025
08660
14261
08265
06449
08397
12590
12351
12077
03800
05182
09969
04016
14049
02342
13415
07457
02391
01896
00211
05983
13849
08842
11654
11044
04346
11670
03721
01908
12028
13237
01894
04493
00655
08651
08905
09571
13906
03118
09635
02642
00721
12131
09890
09585
08997
03635
12991
07844
12975
02578
11776
02246
11211
02727
03871
07099
02603
03690
09401
02324
10604
02466
03157
04047
03454
04039
06827
07977
07223
12893
13477
05369
09626
13410
06806
02344
08485
11534
01968
08007
07486
07265
14118
04069
11974
00226
04615
12465
07922
09123
07341
06392
02870
12247
07069
07526
06108
05072
04240
08729
12997
12253
05698
01363
11593
06113
06370
06724
06120
02389
03561
07484
01479
00753
01662
09542
11928
07317
04575
08246
05124
08652
07918
07590
04073
03292
07930
06415
08310
04573
07671
12186
07597
01725
01140
02646
04052
10523
07292
03680
06121
12262
01355
03724
03012
13346
05723
11741
11615
02572
09288
08556
08494
12523
07944
00805
05788
14005
13001
03574
02485
10605
03486
09658
00100
08168
08718
06835
01991
13760
12427
06848
09795
06042
02286
10627
01551
06186
05976
10218
04941
10801
08177
07041
08666
07554
09989
03447
13660
11495
01402
03914
08839
06300
13684
12226
08112
12615
07261
04151
09661
01445
02929
03185
10361
03328
00605
13663
04286
01370
01405
01752
08386
00679
00237
01320
04796
01129
13634
07906
14360
07997
13957
10615
03599
12444
06261
14239
02390
06705
07215
10085
02888
03768
07903
07228
13810
07396
01951
13854
08589
08156
13730
06730
14096
01247
05242
10661
04233
07057
04909
11733
02866
07517
10717
01504
01376
00527
00277
13325
07909
07615
07242
03897
06755
02962
11096
12677
12257
11575
06505
04622
01625
06399
02774
02530
09456
06609
02297
02159
01195
12211
05189
06630
11378
07455
06321
10933
00550
01242
11274
12892
09198
01957
03924
07137
04655
12482
04555
06666
00755
03586
00400
06436
00535
02089
11571
04607
07987
06095
00959
02624
13770
03701
11801
08501
00897
07725
10014
07507
07917
01159
13659
11710
04762
11912
06569
07378
01931
14308
14035
08872
12321
12709
08313
11779
02881
03760
09317
08035
08198
03117
13184
11249
12872
07622
11057
04472
02837
00263
08203
04252
03109
12188
06161
06595
09503
12291
05879
04532
06376
11930
06101
10770
01744
02444
04146
10231
04675
06916
03758
00220
03525
10232
05733
05954
03644
13883
12062
06703
04194
09831
12483
03756
08027
01437
05511
06752
10549
06488
04487
09153
03693
09781
00291
13482
09104
10673
07025
04217
14018
03127
11196
13356
11165
03460
06612
08354
05218
07490
04006
08736
07018
03303
05214
08352
06909
09073
07638
04803
08243
10797
09747
05524
08371
12612
11043
06268
01922
13679
09148
07904
12883
12662
11838
07800
00408
12036
10433
05264
04199
13261
01525
00302
06175
10223
03649
06077
08971
12428
03692
07187
03134
12385
00708
05784
12588
06864
04399
00940
11967
12771
09440
11340
01572
10108
04703
12716
01630
00588
02740
11522
04944
01535
09304
04802
12984
06936
11369
08965
03072
11950
11323
12866
01166
12972
00528
13471
02535
06588
10064
14323
04968
10718
02397
04359
13568
06734
11718
10122
13200
13706
10372
05171
00847
11821
05989
07664
09037
03591
13330
12591
07185
09652
00197
06805
03652
06200
03307
07311
12432
11634
00974
10131
05744
11789
03636
02320
02575
04626
13024
04238
01964
12818
05556
12352
12267
02501
03557
10184
12672
12639
10755
07167
13077
07064
04916
09759
02157
13315
04219
10079
00092
14100
00316
07981
06998
03783
07477
07011
07783
05927
13192
05106
06384
11174
07978
13493
00165
14052
03470
02552
09259
01738
09119
07272
07075
00741
14244
03170
09133
06596
14101
02815
03448
10925
05191
00024
01266
04325
03969
03431
00363
05562
08359
13536
10894
08804
12977
10094
08837
05199
11271
05261
09178
06306
06153
06047
12540
03210
07346
12574
00915
10450
13590
06432
13699
09631
00125
09043
11364
04053
04307
11267
01976
06362
08096
12466
04658
01656
13547
08792
05122
10258
09815
12296
11902
09509
10929
13632
13978
03645
12052
02351
09740
12970
09905
10689
01292
03643
12925
08297
03650
11347
08475
09579
03534
10719
07338
05416
04557
06499
09965
04731
00326
14099
04751
05212
07345
13874
11570
14192
01111
11380
13354
07296
05948
02987
14027
02141
04082
11636
13042
04433
13944
08158
13267
08697
04790
12792
08734
08835
01671
13266
10240
03669
00849
09284
02621
07034
06027
11177
11943
04727
12931
04590
11316
14142
12875
09704
05025
07952
11524
00174
12646
12355
06117
00762
02565
05517
10043
06515
09566
04309
08748
03655
02176
09036
12509
05174
04631
00466
13624
11077
08356
11302
01779
10106
00281
07692
07384
06774
10722
02043
03685
05068
10135
02326
10118
12254
00435
07578
06419
13981
07958
11011
01833
14232
04830
04348
11442
02191
09574
06531
02582
06324
07230
13827
12605
00637
13145
11602
10793
06605
07129
00756
11157
07847
13866
11588
12249
00607
00618
05119
00789
08196
13449
04454
10362
13606
04857
00668
05893
10518
06387
07986
06788
01832
11455
03604
10179
02912
03736
01563
02376
08634
02724
01080
07091
07084
12748
04264
06957
09230
00096
03712
05015
12478
05310
02648
04761
12143
03831
12502
13712
14151
05924
01745
13516
10515
03911
03847
02274
14190
09439
10080
12556
07938
13907
02448
07529
03734
10198
10898
13544
13016
10077
04310
08476
03989
03641
00942
13397
09084
09720
12654
06564
08249
08665
05987
00539
12795
06693
08948
08515
01825
01251
06310
10727
10030
03677
10250
03494
06262
02843
10693
05073
07333
06074
08163
13578
05843
09872
09909
05882
05846
00465
10576
04490
09055
02503
02725
06817
00556
04179
03638
06155
08105
10418
12996
13402
00323
06177
08830
04278
06183
08932
13630
09228
02771
04932
04437
11780
08808
09332
13790
12560
02047
11129
09414
07766
13355
12794
00622
01331
12498
06931
05111
10897
01246
10399
14136
00595
03227
11781
12971
03860
10178
01342
05332
01568
08694
12426
00878
12055
11324
03108
08491
03547
06643
03907
01138
05303
02676
01943
06364
13631
06893
04967
13811
13513
06152
08367
10799
06804
12921
04657
07276
10277
08810
02821
09751
04387
09290
00533
00230
12789
12955
02180
00269
00491
07136
05957
12206
02436
00317
10242
04847
05217
01208
06958
03544
03926
04085
12144
00555
07935
13463
00348
07299
13364
13672
01030
10047
06602
11406
03864
13775
06031
07729
07235
13655
13369
10660
07634
04335
00820
03964
05194
09913
01013
00351
11376
05661
05377
06675
07565
14089
10712
11353
12302
09504
05207
08882
05468
01233
13470
06069
10139
00033
07263
07061
03041
01015
09243
05064
08355
09649
13128
08787
06858
13579
13466
09145
01538
03359
01018
04773
04018
06466
13334
01297
12832
02766
12819
05772
09857
13363
00989
02679
00476
13804
01322
05425
00071
05351
12546
08178
10748
12166
09894
10145
02217
09138
07618
03787
02719
08372
04946
04619
08493
07774
11187
00534
05299
04007
11573
07493
00858
03283
00891
13299
14346
03372
09425
06748
04196
01981
13864
10402
01593
07530
00043
13814
05096
08528
02979
08159
07210
08969
04940
06656
08661
07134
11098
03703
00860
10326
03255
07764
03179
06054
14082
11027
00389
06694
06234
05396
03332
09617
05345
08770
13778
03966
04212
08337
09634
03452
03221
00387
09698
05516
14160
02303
11770
14037
04709
12269
11477
04550
12104
00181
01169
00084
08643
00463
00052
08277
13904
00214
04504
06557
05758
13665
05470
09294
02368
03568
07439
07163
01963
06959
05101
03355
03327
13381
01965
11311
11924
11159
12412
03413
13939
04256
06123
10067
05037
09174
09346
11332
07959
08068
08219
03199
07535
07402
13776
14104
05841
02558
01702
04643
06189
00826
08050
09057
09596
01759
02148
10733
13246
07690
07441
05248
05933
05706
11408
00604
01575
00377
06206
03571
10387
06212
01288
13472
05187
11444
03665
08849
01487
07095
09500
03083
00571
07727
05770
09314
10472
12554
03088
00873
02070
08622
11812
08751
00925
10965
00599
10049
00210
06222
05998
13233
07563
13587
09932
03065
06421
06688
05650
13621
05966
02197
09302
04123
13301
06260
01960
09637
11339
12284
13404
07058
02622
01429
06347
08623
07733
06016
13011
11662
14020
11963
11986
09993
03378
12722
10701
13413
11918
08612
07392
04734
09091
13911
13465
09607
02268
04339
07931
12120
04654
00280
00507
08458
06674
07494
04070
02663
12501
07362
00471
01571
03224
07397
02194
12363
06581
06232
04014
11841
09659
10393
02418
04534
13485
07687
03011
10655
05986
04022
11235
03217
01447
01727
08827
06647
05854
05908
03920
01443
13880
07882
07543
01240
08664
14344
05597
08943
08442
01522
12379
06036
07030
08441
10630
04708
08169
05094
00247
00103
10052
00290
02460
10351
01503
10511
07963
10153
06838
08435
02079
12740
12671
07305
03674
03653
03520
02168
02173
11266
00519
14330
08410
00865
11910
06824
10851
06015
10301
01658
05426
08724
05663
07156
08733
13876
00082
06633
00558
06375
13258
13577
12717
12050
05963
11190
01739
12992
02146
05255
10602
01478
05777
06338
12724
02192
00549
02026
12765
06185
03521
02619
00784
11279
13010
12344
05491
00359
09285
09480
06786
09540
09068
12310
07315
04000
11944
00586
07620
09533
12610
10007
11948
11921
12559
06873
08818
05645
06116
06272
11115
08565
05006
00241
06090
11308
07152
10114
03852
08961
00371
02965
08113
02661
11018
11840
04406
06064
07939
07382
06947
06052
11208
01070
12939
04148
03444
04506
08921
08641
01167
13872
05279
01698
03799
07357
03115
05592
13270
00353
03354
09413
07381
09695
04079
05038
11994
10070
04677
07306
01874
10059
13135
13541
06086
12179
02116
12225
05352
10729
10821
01148
00869
02008
11147
06463
10505
01279
02999
03931
11428
12589
06360
01020
02994
06677
13384
13227
12237
06997
10412
09753
13925
04885
14145
09586
10881
04869
07572
07282
09099
11326
11114
11441
11049
14306
04775
07051
05134
06093
02950
02253
08531
09235
06844
10407
13305
03415
04483
14113
09889
06510
02298
02405
13628
10345
10590
12596
04777
08062
01241
01979
06211
12490
05381
11709
12658
10574
03865
10146
12705
09515
05390
10629
09923
11569
11068
08009
11618
05493
02276
11973
13153
12151
13408
08674
13886
08242
11355
06146
07810
04143
07965
13521
04064
03618
03196
12895
10978
04436
00076
02867
00720
10334
13269
13675
11607
04521
03382
01449
05712
03466
04468
03154
01491
03262
00964
09350
05600
00252
10312
05627
06083
01623
03980
01431
03600
10820
11229
05870
04283
08863
13635
13144
08044
11683
07186
04609
11087
01263
13713
01710
06765
05919
09193
08064
09034
05950
08214
01591
01100
03922
10681
12182
00130
08042
04041
00038
00883
02468
06728
06133
07048
01460
09964
10938
09992
12601
11935
00107
02910
10297
14110
12714
02921
07404
06937
06085
08222
06775
03386
06233
08807
13274
00763
03673
06342
07954
10260
08721
11481
03309
11032
04095
05497
08395
06662
06388
00733
02597
13367
01935
04491
09818
07980
09855
02940
02024
04736
08349
05518
06140
06653
12323
02412
02824
06697
09458
14007
04638
08434
09393
12285
04911
11961
02741
07806
10150
07194
04628
03540
08438
08552
07641
07659
04364
01471
10904
00687
09161
01982
00825
00886
13400
03336
10359
04188
06954
07313
06889
08684
14315
10035
09529
03432
06043
11749
11217
09702
10873
14299
08980
05403
05656
13758
03581
01328
09213
04257
12224
09003
04570
02836
00813
04569
01034
05296
02356
03175
00343
09417
06856
12881
11661
05391
12865
08448
14051
11934
00077
02198
01647
07673
11915
12260
07780
08636
05453
05272
09791
05066
08821
02060
14132
12093
00698
06407
01679
10802
01170
03776
08321
06495
02827
06644
07614
02718
03164
07735
06518
07096
07168
03409
00150
02036
11742
03844
06865
10243
04279
11682
03198
02505
03021
03834
11535
10890
11051
05009
01360
08923
10025
07785
04667
10158
06339
12636
02223
01228
11876
11143
14268
03906
04023
13525
10776
04964
05944
02764
08633
05268
14204
13476
11317
00926
13111
13595
03079
05949
04893
07632
07273
01600
02425
08094
05840
01459
03754
03054
03435
12630
01395
02523
05278
01687
00947
04332
02023
06671
07644
01594
06276
12529
09383
07936
00301
10760
13122
02977
08164
08683
02562
05127
09789
07236
01467
09534
01300
00472
10696
05338
05615
07298
09613
06965
08126
09941
08176
10346
10018
09042
04017
00608
14030
00932
08668
03620
09160
05034
09001
10078
05647
08437
03505
12339
14276
05833
00050
12258
02016
07531
09745
13090
02201
04835
13174
02736
04513
00566
00486
08299
00178
02296
04766
08430
09888
05333
12044
12369
07537
08815
07598
00006
07116
11889
00088
11580
11180
03598
11951
00206
05178
03139
12861
06811
12999
01172
03339
13908
02677
02733
05977
14263
04719
01408
09376
02817
09877
01390
04652
02653
03845
03993
11684
09558
07427
12175
01011
04882
02985
11702
10086
08560
03295
02526
01476
00108
06166
00188
12345
14257
05779
01869
03320
11381
01433
04402
07087
08895
01769
01541
01870
00719
00590
00313
05822
06991
10646
03899
13224
05594
13046
03948
03873
07558
12073
08877
02057
00324
11735
12273
12354
00175
12312
06066
08076
12185
04337
07406
05670
03849
03344
09065
01831
07002
11434
10141
11875
09071
12342
07832
12405
06597
12840
01416
10436
01446
14131
12623
13025
09761
00871
03735
11697
12040
09839
13132
09465
12140
07689
03260
00889
13934
06776
04975
14080
04753
11350
02625
03312
08013
07245
10827
08803
06516
04865
09144
13296
11855
10931
12561
02149
01309
01177
02604
04843
08211
07401
05760
05503
08880
03104
07426
05689
01347
06192
07081
04116
09017
02948
08427
10754
07639
10204
05411
01533
11911
04489
12503
04535
12852
08655
01379
03629
09445
01814
02576
08234
07120
01589
09657
11895
04621
01330
12009
02075
02318
07527
03193
01160
13300
12097
07183
09532
09312
13801
08111
02924
00994
01229
02694
11305
07088
04889
04321
05930
05324
06600
09682
00405
01652
08204
03987
04683
03576
12882
09471
13649
07394
07753
12703
10998
10329
04009
09027
10480
02088
10050
05151
03866
06993
04087
01705
12631
06484
12462
10208
04163
03008
04879
12903
09318
06462
04993
05219
04315
05042
03833
08182
11988
07594
10317
13087
06768
13855
02833
10669
00580
06450
03929
05056
10479
00647
09669
01580
10536
05334
11700
02046
04305
11009
08332
11652
13783
10731
01428
07579
13347
00924
09205
03517
06650
09328
13767
09258
00761
09423
11676
06649
01784
00223
13130
10485
02392
10598
03774
01969
12372
04732
11946
11809
04159
00253
10610
10563
09275
04416
02830
09356
10723
07751
05266
11595
03173
08602
08562
06877
08689
11024
10205
13350
11102
09008
11080
04502
07104
12071
12915
11516
01743
02098
00683
11844
14293
04415
01210
03764
11243
09928
02284
08416
04390
08123
13789
03315
10813
02708
02626
14350
12888
12700
08870
02004
08963
09568
07738
12768
07646
02580
07155
11287
13786
09125
09188
04155
12579
04924
10930
04250
02816
10767
04620
00894
02844
05573
11814
11979
02492
03325
08451
12099
14211
05638
06412
10691
10671
07829
13644
13460
05107
09377
13916
09940
06315
06645
01612
04008
02491
06455
01583
10084
02886
09495
06522
09081
09087
02216
03078
10531
00867
04760
10103
06097
08951
00303
10737
13902
09152
12702
12265
13293
02873
05666
05513
00073
05325
13028
13081
11989
02209
00684
09279
13615
01014
12614
02215
12102
11292
03767
03593
02255
01352
14103
11361
07513
05897
02001
12325
02875
07234
03868
00045
02857
13678
09497
00492
13703
00161
11263
02791
00801
05285
09876
14137
07877
06823
06826
08046
11716
12613
10868
06920
10286
06214
10293
14069
00780
09283
13430
00810
09999
00508
08764
12064
03201
03220
04900
13785
05907
01367
04229
12638
13943
06725
14304
00015
01616
12650
06199
07803
09562
09550
09779
12107
01576
04486
03213
04548
05819
02738
14095
02765
09845
10855
11144
11141
00677
11531
04819
01620
07010
00497
05399
06318
03739
08650
05044
10596
01126
03973
00445
09072
06465
10657
10130
10815
14002
06956
07419
11832
08271
12476
09121
13231
06537
01659
00509
07995
06940
11515
09679
05736
14130
13473
06808
09335
07330
01049
04334
05909
03472
03775
12719
01713
04601
11413
12386
07560
13049
07085
01537
07448
00285
06961
05469
02789
08809
09860
00342
01382
10126
13654
12783
01121
13027
12340
03385
05514
05863
09915
03066
12012
10369
12330
12926
02892
14234
03364
06771
07805
01906
01179
11734
03352
00587
09291
13496
07802
01349
08065
08968
10193
00731
01078
12983
02998
04745
06540
02027
14305
11916
13357
08852
10484
05894
11336
11239
09512
08208
03301
00484
12299
04130
11384
08298
00928
10299
08816
03069
11300
07174
01295
03793
04168
07497
04282
00745
10608
05809
13376
12006
09211
02878
06128
04855
09623
03481
13793
13924
05460
11923
00155
10408
06046
04182
13150
13058
03578
02486
12896
01557
04680
13109
13149
05457
07076
12361
01511
12170
07582
00501
06763
04344
04707
02316
04706
11486
10572
12326
11134
09395
08983
08153
07896
14182
13508
06908
03773
06316
04102
03416
04794
03338
03319
01694
06922
06379
11240
08740
08262
05249
14125
07701
05018
11398
05091
10665
13735
09306
11762
12577
10780
08411
08999
08566
06061
01230
08492
04660
13559
07005
05062
13837
07523
08605
06543
06254
11759
04765
10878
13083
01971
07681
03495
05175
02919
04133
13560
09374
00750
04057
08520
05629
00777
07098
00010
10942
09665
08083
12362
13283
11388
11997
07541
02106
11227
00985
03502
12940
05339
12497
02183
11342
04342
12356
08935
13054
09686
11451
00036
07564
02596
12711
11170
02306
02058
01059
07142
11439
05980
11552
13950
13802
07674
12799
05150
01952
07741
03953
10424
11689
14032
04737
03456
11668
07035
11898
10838
03511
01149
08183
11873
02525
11925
00844
00322
02446
01171
06346
02747
00183
06721
11125
01954
08466
03883
11687
07192
05710
03679
00653
06182
11394
03129
09611
12785
03029
07881
08530
09045
09418
05184
02208
10015
08343
11269
14236
12817
07153
13484
01426
07118
10274
07271
10466
12227
08938
02721
07321
05775
07859
01306
02995
11482
10542
08927
06230
07026
10333
08066
12900
01366
06353
05596
08174
12280
05382
01161
06235
04434
00186
10675
03813
12331
00560
08750
13709
08755
02018
08255
13100
09420
09136
07170
04651
11189
03696
06740
14259
12245
12090
11836
05720
07113
05312
00706
07238
03917
04848
06983
13295
01845
14349
05509
03810
00289
13859
03874
13423
05741
05496
13378
06420
03634
13817
00215
11386
13749
13506
08642
11857
01466
10420
13048
05749
09588
10247
08693
02341
13136
03015
05697
00063
06529
00295
12731
02951
04768
07979
08820
01354
01995
04577
10716
11341
09020
03809
14109
03280
12438
02388
00806
06099
02124
01432
06357
08250
12015
09467
02015
06472
08339
12118
01364
09824
06874
05813
09783
09050
00704
10688
07617
14288
00962
11401
09183
06082
04750
02978
10944
08425
03836
07599
02152
00872
00751
05921
01868
08700
03992
06620
02241
00488
10874
03697
06213
00956
07591
11850
13792
11706
11964
07177
00388
02262
01135
13442
01060
08041
11717
02205
01884
00857
04989
01809
03246
11583
03381
01245
09847
05220
11193
13694
14355
09212
13930
14336
10163
06138
03027
02850
05806
02737
09946
01800
05143
10498
07610
13933
11253
07575
07553
05739
04126
10256
00837
10001
12054
02561
01723
03135
06129
13447
05928
10446
09544
02968
13830
06536
12149
04220
12735
04971
00109
01664
12867
12158
13127
04078
09958
11803
06354
06527
12111
12431
07222
04712
06837
01141
07407
03316
10592
04763
04528
09134
06011
09821
13514
01424
10124
08375
04823
08436
02076
04672
11290
12189
04656
13002
13873
07169
10332
11848
10081
11900
00498
03286
01661
13277
10386
08157
02983
04979
10876
00346
01417
08609
00137
01025
07924
01265
13318
10741
02281
04983
10525
07059
02509
12395
07593
05936
00375
10919
03569
02699
10379
07181
07007
02925
03335
12942
11120
07976
09569
04100
10264
06020
09590
01986
04611
07602
05336
11093
10859
01000
10752
13335
03426
14327
07603
04451
10698
09069
03639
07747
10060
03577
04556
09933
06670
12469
10999
11869
07825
02113
07702
08454
13620
07040
10490
14128
09095
09688
10545
01188
10823
00978
13992
06766
08131
03223
08546
04183
10805
09083
08719
11109
07714
13759
08135
00066
12215
06812
00101
04608
04172
07438
05955
04974
06184
10787
10845
00250
07538
08022
03090
01204
13198
00385
13784
00911
09746
08991
00547
13977
06452
11686
02711
00485
01063
09323
11643
01058
01746
02780
04431
13441
03565
12690
06819
13870
13863
07818
07390
13954
12947
12943
10042
11754
10367
12126
12230
04690
06579
09481
06607
07782
12063
02415
07032
12133
04131
01562
05835
01829
08898
12029
10237
09021
12442
12550
00267
11108
08598
09951
09738
04043
00141
00442
13548
05774
09117
02602
10902
08732
09237
13096
10123
02334
06003
00035
12930
13199
10967
12624
14067
02714
09142
01053
06582
08188
04132
12742
06583
10533
06832
13206
13474
03940
13161
07908
11430
00001
07814
08964
12891
12349
03718
04230
13510
11363
01303
07948
11891
07408
07489
13818
10473
01553
06180
10565
05380
09311
01406
02331
09358
11730
00882
01391
00296
05824
06816
02409
07969
09800
09755
12531
13360
12884
03181
05275
07550
12472
04828
14255
00672
03346
12754
07975
02755
13414
12734
14146
12422
11273
05318
11600
00944
11521
09409
00034
04801
00798
01978
10679
12317
05462
01196
11677
12778
08561
04878
12174
05078
10133
01881
01796
01184
05668
03289
05014
02254
13050
09190
01840
04560
12335
04482
03414
06732
11936
12448
04976
04992
07991
03178
06828
13119
01205
13896
03615
05862
03648
00380
13238
06905
03961
08253
09029
12698
01081
12470
12683
07921
03471
05300
10315
00143
11919
06491
05305
08911
03559
09880
02401
07006
13129
02687
13108
12823
05938
08747
02163
00662
13932
10199
12018
13557
08268
01136
11845
07693
04529
02641
06617
07326
01827
05961
09468
12197
07429
04844
14058
12401
06109
01103
08996
12007
00321
10318
00674
00461
11703
03390
02705
06760
02238
01932
08399
07873
14284
08291
10837
09902
12552
09070
05394
00846
04586
08677
00201
09113
03006
10771
04365
07409
10157
05622
13614
09269
00772
03533
09442
04826
10620
14221
11890
14198
10263
12874
11197
10115
05206
02479
12078
02647
12463
04629
02697
11624
14286
07264
02864
14279
08286
04918
12373
01530
01950
14213
08925
03939
06119
04312
01521
03766
13524
01474
14079
04055
06733
13752
01234
09737
09496
00705
02590
07502
14295
05089
06711
08564
05962
10088
08518
01861
13909
05757
11704
04476
03666
10668
06747
08645
03234
06570
03055
04004
09499
01597
05472
04215
12445
04834
01924
06188
12024
12741
08959
07281
09826
09934
01961
01042
07083
08109
06735
08995
01207
00917
00120
04037
02976
12484
06296
07195
07828
03362
05565
06941
14184
08444
05350
11806
04381
07031
08619
01119
00950
08860
06840
02314
06374
06024
11156
13710
11084
06037
13392
12902
02573
12098
14285
13102
01346
02038
06418
05682
01685
10807
02710
06039
10768
10501
11459
03209
02452
05804
00184
06809
11667
00261
11073
08056
08467
04891
06914
00228
01427
04894
05095
03380
13222
04724
03946
09098
00412
06098
13407
13023
02094
09014
13962
01729
10582
10863
09154
07445
03543
05731
11460
11937
11354
09724
05315
02853
01786
02271
14149
12907
06249
10211
04195
07214
06442
10474
07359
09837
01691
02812
01579
12536
11558
12728
11454
10588
02292
11982
01258
12196
01722
09006
00982
11248
09163
12962
10452
11226
04544
02550
11321
11805
08186
00308
10632
13116
14231
10558
08426
10986
08841
10388
01045
05925
10546
11868
04591
01866
01086
04798
13685
08107
05132
10532
02207
03174
02371
02103
09865
07890
06907
10486
10022
10674
01590
02540
01895
02726
06593
10966
01468
12203
02974
01810
07685
00028
00854
04124
02506
01477
02630
13492
03990
04356
00929
03759
13351
11604
08424
02396
10112
12136
12518
02437
05787
07158
11827
09580
09694
07154
05603
00931
07607
05389
03779
03062
13753
01893
14071
03398
01056
14175
03144
04846
01168
08030
12200
02760
08741
00899
11606
00284
08616
01858
11301
02048
08483
10385
08637
11260
05210
01856
04421
05445
01043
12261
11270
14138
12663
04505
10990
04442
02536
11092
09459
04060
05903
12083
03955
00746
00779
10255
11765
05323
03463
04539
01917
08533
05729
05702
05566
11042
11013
00182
11222
06176
10589
08945
08366
05030
07732
06038
00776
02803
13993
04440
06350
01724
03360
06371
10352
11804
14187
12715
03625
13143
05331
07266
02247
01711
09713
07562
12644
14098
01440
05321
10631
03417
08481
10653
13264
12353
03096
02245
02395
08279
08907
02723
10017
07743
08053
02091
08392
08325
12319
09484
02997
00275
02162
08903
08462
03904
09363
00639
13640
06979
10071
03206
05362
08889
02690
08940
05971
05023
01837
06830
01221
04877
07989
11061
13406
13443
00327
00157
12072
11815
10687
03293
05916
11799
08317
01243
08171
01750
04456
04958
06311
13091
00240
06604
00432
03237
10753
09733
12110
14085
10203
13975
07583
07905
00213
08004
02374
08806
11256
11896
03994
06009
10149
05520
06789
07364
13948
08327
04984
07086
06800
04952
12084
02564
05152
08052
06447
00283
04995
04818
11437
01835
12809
13308
00513
08576
05978
12081
12699
00449
00703
07414
00386
03837
11362
09988
00126
13542
14266
02214
09453
08180
08855
14267
02379
02496
04833
02377
14036
01688
07914
05725
00945
03895
10390
08503
01846
01462
09293
09692
02518
12204
13047
06299
04998
06437
09219
00600
06248
07830
06769
08946
10599
10849
10482
08276
09925
02632
13241
12489
03802
08579
05587
04954
03388
06349
00409
05232
11906
04094
05063
01855
02938
01673
10829
01627
10010
12045
10960
03019
08545
05707
13677
05811
04853
01048
13314
04679
06549
07855
12122
12365
10947
09875
03476
12125
07269
13946
05108
06762
04072
10039
03709
07642
09375
07682
04138
10911
07703
09313
06220
00913
00686
11693
05789
02156
06714
12909
04458
01215
06683
00877
11843
06409
11192
02538
11947
13055
13922
05618
12013
01092
01695
08384
13004
12065
05847
11272
12641
14152
11849
04786
06831
02796
10725
14180
10316
07742
07956
04111
06320
00768
04817
01794
08868
07331
09980
01531
07379
01635
05146
02239
03208
07718
00870
08254
10928
07739
10309
14105
00725
09974
07184
05826
05118
00145
02588
01547
13014
12459
05676
03005
03203
08125
13428
12177
14307
09798
07711
02591
08344
06822
08977
09170
11169
02065
13242
04127
07779
08264
01602
03602
11318
08625
10465
00943
09903
00264
05387
00144
06948
05032
14019
03501
10422
02896
07456
00613
05510
12511
09002
07669
08505
07128
03582
03102
03686
04725
00162
10923
10579
13969
12586
08175
01227
00278
03510
08432
11673
00807
12708
12857
07260
04991
13417
07373
00496
03107
10982
03226
10761
14246
09722
09729
09787
12375
02698
01362
04058
09128
11719
01072
12627
02279
02639
11188
05012
04625
10090
06869
02406
12862
02533
01198
04299
14249
08761
02085
01475
13438
11257
10233
00700
05888
08334
00853
13719
04302
10270
00900
00912
09438
03745
05535
07773
06225
11966
09525
13538
11671
00976
11055
09303
01321
10562
11597
01549
09699
07626
00995
12575
11475
13920
08093
01736
13936
01339
09908
01307
10307
10640
04059
12399
01573
06365
10002
10686
01308
01561
03916
03512
10713
02592
14258
13257
06068
08691
03412
03746
01674
03657
12878
04648
02775
11423
09100
09392
04408
05796
09575
05136
12826
14029
09714
01836
03913
06739
02787
01493
11510
05431
12653
09541
14167
12279
04800
10552
00341
11971
09436
05029
00842
11540
02450
05891
04594
06565
14070
06708
12737
00971
03927
11022
02795
11897
02488
03832
11501
12597
10041
04695
08319
07923
10961
08302
13853
10672
10448
13718
07389
03367
06851
00923
12250
14091
07940
02751
06158
08028
04236
13584
00992
00312
12850
11094
05817
11998
14340
01974
09110
13643
10028
08193
12187
04180
12103
13582
08389
07567
08336
06772
12346
01483
07937
08078
00420
10872
04360
01238
12025
02846
06215
02790
00016
05922
07253
13985
00803
02984
06461
03842
04432
14313
09184
04809
09179
08994
12135
14048
05169
12180
08038
04042
01757
14202
02511
04358
03401
02761
07047
00658
00863
02000
10594
04526
09030
10747
14183
13700
12294
07870
06587
04449
01660
06343
00205
03851
12332
04799
05786
04122
06479
09929
05727
00866
06070
07105
02856
04581
03192
05968
09644
04142
05365
08646
05290
12629
05667
00367
09390
12849
01257
00624
10164
01120
05584
07514
08060
02185
13327
13021
04316
03152
12701
04804
07003
04997
03892
05088
01193
07328
06337
04384
09089
08398
09096
09891
11164
07961
00895
09708
12027
09521
04583
05544
10421
09360
03087
09245
11074
02378
13731
12706
08667
10411
09463
01790
07636
05850
09443
00783
06094
07432
11026
07910
02470
05649
09768
13650
07101
08658
11416
01709
08238
05028
06791
01684
08045
09210
03150
06458
12418
01222
02671
12798
10812
01544
02831
12159
09937
06280
12301
09680
06058
04020
01648
02020
08248
12359
08914
07841
09710
06018
13313
02232
11500
02051
08716
07792
04961
06555
05337
04898
12725
04820
04165
08496
06331
10483
10403
03699
13260
02784
12802
09378
12248
04500
13082
03317
12195
00941
05613
01782
07173
04410
07957
09426
04395
06553
10622
02500
00483
05880
09715
09090
08539
05020
04129
03854
14195
11644
10577
11835
13847
00054
14122
02879
14022
08152
00270
04477
03379
05294
03662
11337
02839
11246
03729
11110
05366
14316
08019
10187
03575
14303
02422
07201
05322
02321
08225
10984
06132
06813
12522
08165
13362
03595
13984
08857
02990
10365
02649
00402
10294
02810
04026
12669
12517
14013
09494
08878
04019
03583
06658
05344
03437
06264
13448
13788
13086
11348
14317
11136
08516
03947
03695
02868
02424
05802
13800
11782
08828
10428
01114
10166
02792
05624
06849
10228
12095
14237
09780
08703
14333
02193
05937
03632
06911
10336
14168
00544
05090
05253
12565
01077
06160
11050
04048
04267
13533
01970
01281
13411
07370
13604
02666
09430
13821
06341
05701
12164
07761
01310
01680
00702
07633
02473
12002
00612
02441
11695
12692
08128
10220
02607
03436
05464
13165
05703
11025
08090
08635
14291
07660
02035
03483
13504
13336
12183
13681
09982
07990
00104
02595
13456
01760
07709
03749
07584
01707
00058
09931
12453
13938
06219
06701
02914
08825
13670
06902
12449
03007
08631
06467
14172
07998
12957
08874
07249
04013
11784
11346
03369
08883
05539
06611
06327
01223
03250
06726
03028
13641
05051
00515
07820
03143
02100
14127
00868
08311
05098
12000
07133
10744
10742
05742
14205
04371
09668
06435
01280
09470
01592
11545
12958
06380
09277
01636
10382
04383
07851
14354
04966
01929
10129
03132
02682
06033
12141
08537
08374
00257
00383
06507
09166
01847
08608
08082
03930
13080
11371
09654
00333
05374
05906
05343
05505
04714
11410
12212
00815
05186
05349
11598
12897
09114
09614
03720
06665
07473
11851
10790
07973
09794
03182
03971
10257
12959
04171
07621
00372
06284
08647
00091
10857
03708
10570
10279
01454
04876
12152
12647
01778
08780
00259
04353
07054
08240
11237
03165
04691
10779
07492
10162
04711
03905
06963
13140
03357
13015
14247
07545
09674
05522
09597
04313
02028
07791
00057
05795
03983
03814
11864
00190
03070
00111
13294
05283
09703
04398
03898
08851
05407
01191
12763
07336
10848
07540
03552
09867
06007
00642
08335
14203
02823
08766
11663
09507
00079
11218
06966
14209
05692
02434
00060
03044
02918
01622
04902
10160
06514
05306
08847
01697
11124
00623
01945
00538
08679
03728
00136
01888
13092
05233
07161
11518
05208
07151
03588
13697
00769
09186
05040
02973
08256
09811
09874
13835
08709
05448
09535
08040
08844
01187
05764
07993
07627
00246
10423
08215
02887
05159
04428
03353
01144
03801
05432
12271
10275
12879
01401
06053
09502
02640
07926
14072
06288
13611
12812
12687
03402
03782
09693
01345
13704
02989
10370
08795
04494
04957
12032
00850
10530
08624
14028
05330
03095
08446
06985
09841
09565
12567
13843
08231
08796
06870
03086
06554
00561
01701
06489
12854
05484
05688
06715
05821
13175
07255
08606
05794
03177
07813
11777
07662
08941
07278
14170
11407
01959
13497
03459
09949
10644
08627
05974
11223
09551
06162
03474
07347
10937
00202
08122
07144
07374
05070
04934
09422
11541
07878
13526
02797
02566
04980
09493
12932
02880
01611
07325
10381
07928
03627
07485
00835
13743
11807
07888
14119
04627
04854
08455
01764
11819
05129
00480
10074
06348
06240
08275
13562
07836
02347
00728
04533
06883
13008
05067
08913
01442
13761
12611
12161
04374
12115
08702
12348
01676
01807
02749
04010
01130
00059
07352
07109
02293
02969
09381
09945
13554
03348
11233
09947
08805
11293
11480
06459
07544
02964
12621
11771
14208
01106
13306
00907
06080
05578
05979
08918
04920
08960
11613
07387
12969
02170
01916
11127
00874
11949
07985
13117
09022
02097
02333
14068
13613
07955
05326
07721
11241
11642
12912
00918
12951
13698
06509
13065
10739
13034
07679
12088
09461
09556
01933
08885
07684
06001
11479
10366
06118
09711
07628
02228
11834
08834
04580
13738
13197
13501
06679
10453
07536
07907
14087
00988
03263
07843
03047
00909
01254
08525
11138
09206
12775
07182
13795
02337
00830
00552
02898
01519
01294
02032
10544
13894
07866
04218
12774
01732
10053
10283
06572
07188
05022
05559
04376
06938
01644
13060
11528
06943
04280
11620
10796
05940
06067
01312
02456
09469
04281
09758
00159
09082
08353
03742
00921
11745
01012
01178
02484
10555
08005
11513
11219
09204
03587
03919
03556
02599
07172
10676
11568
00311
01098
11152
07769
14271
09094
04382
13610
09666
12766
12309
10111
01501
13772
04075
00760
00537
09489
12599
09527
05767
07124
10087
02971
04553
07911
13031
09454
09823
13383
04687
02220
03428
10519
01055
05917
09683
02372
07250
05763
07592
06857
03450
09192
01146
10566
10702
14001
12718
09995
12035
12168
00032
12936
08365
04781
13292
02583
09853
06880
10654
09246
07461
12807
12376
02936
05245
06764
10092
08429
00072
09528
02638
07746
09435
12952
03349
08115
03287
07130
11067
00049
01624
04739
14050
03128
07555
05869
01657
09986
03668
05960
07501
13454
05714
09270
13716
11783
04884
10344
13093
05055
04722
02385
11153
06927
06511
06487
03797
01285
11008
03794
07393
03018
13723
04604
03365
04046
13970
00598
03875
08260
10736
10083
12813
06156
06445
12847
03523
05367
01496
08574
05803
11829
06580
04404
13519
06866
11349
09106
13848
00170
07149
07016
00691
13512
10308
12616
08836
14225
12480
12675
02154
13976
04662
09361
00904
11314
03376
12231
12851
00559
02236
06691
08308
07283
10831
00723
09646
05138
07267
11649
12443
04632
13942
13605
05640
00557
06692
13069
06257
02403
09594
01634
01214
07528
10383
09324
06890
10045
09162
08318
09319
05799
05768
04115
09834
13319
05538
12173
02516
08901
01862
12068
01094
02142
06135
05424
14008
04623
10234
04223
06055
09595
03769
00896
09830
04927
03257
07049
09164
13178
00610
02840
07127
04099
05807
13885
11493
07521
01761
13416
13177
12383
05221
00973
03784
04543
05271
06552
03566
08875
11713
01803
09357
10417
08003
07377
07093
00969
06178
04242
03804
08342
07573
00428
11078
11983
05805
06545
08752
08649
00631
10758
12993
10980
00334
04942
11181
13043
00455
00218
11360
04038
03172
02410
04414
01224
12828
07971
09267
12749
14345
12042
05443
14108
10708
02474
13332
01413
00233
07758
04375
13729
06223
06996
14294
06973
06815
00991
02668
00407
10858
11268
06394
00142
04341
04369
13291
02731
01586
09801
12468
01085
12904
05973
04499
04011
13424
09648
03488
05173
08788
13427
09201
01665
13532
04904
04969
10593
03403
05243
05281
06236
04785
04463
07117
11367
13094
04977
05571
03889
12154
10637
10319
09385
09705
06896
07474
10954
10537
09956
12268
11221
09621
12746
12435
00606
03146
04200
06888
08043
13229
02547
01941
10870
04035
09214
12014
11533
10871
03744
01232
07996
08554
00838
03345
06556
14133
07915
03791
11647
02548
10762
12411
01775
01651
04582
06749
03478
00564
09861
11582
12160
12208
01024
09359
05555
11010
04481
12334
01740
06259
09431
05434
07423
04928
06669
00875
13882
11579
12976
06987
12776
05904
00401
05160
04741
03683
09131
03469
11796
05007
00122
04531
13409
03841
01801
13157
02145
02739
06400
04296
07046
05747
09263
03507
02618
09510
03124
07848
04291
07799
03308
07385
07360
13342
04840
02862
10811
01595
03564
04056
06952
03853
14352
07663
11996
00649
02260
03900
02138
12278
09641
02445
07868
06416
01585
01064
04965
03941
13973
10882
11113
12727
05372
01638
00614
13637
07082
04349
01773
12761
10711
08173
03826
08345
13106
05456
05947
01667
08350
14217
06860
09718
08558
00187
03331
03261
09629
12676
03529
09433
03861
04479
08838
11391
01484
05545
03395
06744
11069
13159
03405
12632
00536
12492
11488
02365
06594
12392
03461
03163
11567
01821
11549
09814
05487
06105
09371
05981
06332
02066
00152
12259
02462
11594
04098
13819
10467
06968
01955
03751
05204
10148
06950
05595
12825
00927
11204
04271
08596
05478
04270
06778
01768
09345
13057
10946
03043
10320
04696
04136
02073
13549
09353
02609
03427
11859
13895
02137
05036
03430
02469
09254
04429
05065
01700
09265
04792
08629
11429
06719
00619
07472
13534
02996
10939
07569
13688
06508
04265
08172
04754
14282
09868
05653
06939
13344
00505
02213
07695
05918
07871
06393
02054
03270
11842
02181
06340
12201
00110
03713
10730
04701
10475
08892
03392
04445
12924
09712
00469
05117
03589
11830
05704
10061
05139
07498
00292
04186
02061
03733
06390
02608
07361
08258
01997
12965
02742
09009
05079
14124
06637
11090
06967
08089
11619
09766
03757
12841
07060
09793
04742
13193
09054
01552
11508
07227
00506
02237
05990
00026
04002
13067
07533
14176
03273
03391
13072
02433
05765
09347
06125
06131
01326
07334
05508
02939
04251
08972
05198
09979
11280
14206
10728
03030
07318
04298
07668
13574
05861
02712
12684
08981
01828
08284
02211
03040
11066
03487
02463
04134
05913
03076
06709
01061
09920
06078
10623
05610
06019
06023
13520
03888
00262
11012
12779
13432
09749
06373
06676
03059
02476
13286
11811
02539
02665
08746
12562
00318
02704
05409
02225
01643
00972
00090
09850
03753
04492
09241
10877
05910
09578
10082
13329
11727
09366
09546
08092
08859
09421
03949
02453
05128
08829
10625
11035
01871
10012
08591
11863
05222
09943
10685
13395
07246
03901
08519
00775
10826
09482
04350
05546
07891
05465
01118
10994
14223
06933
12697
12108
11433
02248
01716
09554
00914
06558
01683
10547
02885
03477
04097
07524
13905
00418
05316
11768
09852
10548
06227
00781
01860
03823
05695
03998
11373
07300
00030
12886
04333
10222
13007
02848
11465
00325
11329
11564
05241
04426
11250
13673
11289
12242
13115
07801
04666
02852
05591
11048
00935
11785
05447
05902
04113
12430
02826
01361
01540
07795
04245
09939
10734
09031
10273
03630
12569
05713
11182
07478
06308
02517
01494
11303
01749
13742
00245
05423
05027
07812
10955
06577
12927
12074
10462
08433
04495
03876
08187
00328
08468
11638
07580
10500
00297
11291
00083
11726
13230
10699
01777
00112
11023
07139
01250
05287
05097
09926
07319
07410
10241
08417
04190
05145
01983
12994
11627
12545
04054
07505
00824
12564
06585
09455
10338
04907
02077
03453
08555
14023
08587
14309
06480
12085
12038
07106
12816
00681
10481
11162
01610
03803
03489
02129
03995
00819
08288
08146
05137
08789
06137
11858
04184
10694
09479
03678
00890
06059
01505
00814
02732
00044
12581
00179
07421
02629
03504
06252
14254
10800
01065
10935
04697
05201
12696
09730
14163
03972
05923
10932
04782
09115
00832
02049
01520
10843
09677
00397
05149
09531
08931
12827
10841
05050
08822
09960
00286
03299
06148
05873
12450
14362
03974
05265
05625
00294
09707
04166
09238
04605
07197
12527
14056
02086
07376
13732
04266
12743
10235
05572
13322
12076
06619
00678
03421
13375
12162
04694
13676
08569
07824
01703
09207
01675
11601
09790
08412
01686
02455
10069
00357
02972
05598
13878
09466
07080
04034
08369
07953
09295
11331
09906
10764
01912
01776
12934
04021
03725
10534
10100
06757
06624
00804
00511
08867
04839
06969
13053
04783
03790
06454
01850
10343
02909
10095
01087
06729
00748
13338
02310
07932
09548
05225
07900
06571
11404
10396
13990
08301
11352
07596
02302
01693
09869
04401
06988
05871
03158
07826
10612
03942
08831
04049
04825
13955
10957
13385
04705
01998
02416
10639
05783
09058
13440
08195
01714
01407
04926
08376
09427
10578
01795
07107
08760
11132
08743
00441
06401
12752
02768
04120
08765
01994
06201
10656
09492
03952
03811
05580
03191
04665
13884
01766
10647
00953
04815
06081
08063
04393
01721
05526
03166
04363
12625
00983
13444
13353
09881
03542
08440
00729
02257
06004
14090
04202
06818
08954
02945
08656
02150
10806
05229
00462
14353
02707
02512
01820
14264
01282
09368
03675
07967
06547
08406
03537
03731
08599
00754
05942
07251
09177
02110
06344
12030
03637
06226
12898
12114
09321
01811
06269
00906
04518
06801
09919
02358
11981
05406
10140
04812
01953
03278
13898
03480
03231
09488
13479
07500
05543
03277
00782
08404
08069
11877
10757
09892
05838
08420
03294
08500
12619
05224
10538
06231
02805
04637
06642
13064
00670
00489
01762
08979
03603
02872
09618
06446
13664
01490
00717
00225
01107
13917
07444
14302
02876
00070
04816
09898
12455
14281
03825
07078
13426
06562
00238
11860
12788
02443
09242
04922
10406
05669
04587
05386
13877
11014
06761
09404
00200
04978
09805
09765
13764
14039
00014
08936
06107
02464
01436
10988
09419
04767
08536
10865
08071
12069
03082
00800
00276
01201
08088
00998
08793
03503
14115
07175
00793
11205
11461
01608
10458
07418
05309
13791
01105
11097
13240
09330
01260
01284
06746
06396
03045
01273
09557
06648
02748
04189
10614
09885
12521
13695
01947
03272
04606
02901
02667
04811
05717
12414
03513
05521
06481
08549
10439
07763
13467
07103
07304
05105
00629
11748
07257
04140
11962
04331
05404
10853
00454
03138
07838
03314
01841
03970
01523
12464
02762
05892
12091
13455
05564
13558
12019
09706
11119
08388
10032
11658
02567
09464
02923
04895
13573
06785
12973
05319
00114
07286
12941
02549
04880
05400
04925
02160
01824
07466
00390
06627
00478
04641
10529
04453
13203
01108
07442
10997
09296
09140
02315
10915
00102
07508
10703
09181
14238
02770
11576
05651
00968
06286
04015
04866
11392
10907
01074
05378
14320
07004
10895
04067
11497
11309
03091
11723
00189
06494
01481
01640
08950
05506
07301
02772
12214
14222
04354
02916
02135
14162
01566
06855
02300
01564
04702
13268
09341
03667
03329
12474
09396
05500
09802
08001
13701
10893
01637
06000
05884
11370
09224
02411
02251
01548
01473
00627
08453
00892
01905
10875
11743
10180
07886
13527
10836
14148
09622
10375
08295
08235
04435
14329
03162
02799
03119
11457
02931
12655
07022
11126
04896
07651
03508
13850
04593
06613
05495
06576
05441
14169
10774
04987
08461
04362
05402
08048
10054
09856
11046
07413
04831
04597
12919
02119
09485
01039
03296
02515
10908
00177
07307
00121
10527
03654
00650
06425
03438
10291
06032
13779
06273
05896
10597
12043
00786
01028
03176
05110
05262
00901
01793
02267
00307
09208
01378
00023
02291
14062
12945
12520
02373
10055
05421
14197
12440
05202
10586
06157
08955
09221
09200
08659
13324
07460
00796
01798
02851
07205
05109
01805
08986
08200
13596
04450
12512
00299
04850
04423
08263
13928
09663
05628
08136
05153
13162
03881
11972
02196
05282
01984
03682
09963
01631
11610
07209
02059
01068
03788
03706
08184
02874
13844
11478
00922
11917
04953
13974
08460
10120
01488
07469
05859
08522
10977
10004
02652
11553
13816
12751
12357
11328
09911
12100
08701
02820
06603
04951
03554
10740
09513
12190
01341
04610
01539
06621
14158
13139
01853
00946
13840
12347
07941
07600
06408
14216
10666
00836
01733
04254
08580
01301
03945
07787
11195
11555
02782
10392
13967
03101
10454
05461
05074
05370
10964
06207
01843
12500
05837
04462
02674
11715
01434
13806
05211
10048
09606
08794
01588
14129
08147
03590
13326
10494
07556
12790
04032
05630
07371
13104
05946
05274
07619
10152
01175
11065
11758
06949
03370
07033
09952
06174
10000
11262
07968
10522
06845
01497
03506
11200
11774
11790
13142
02958
05985
09505
11452
05021
12681
14325
10469
05405
14283
06073
13287
02140
05845
13851
10927
11375
09938
02219
09227
07643
10643
00829
08578
11980
01278
10516
08023
00443
00726
03188
05570
13808
13773
02289
12680
02126
10170
01577
09752
08768
13452
04323
08368
05911
00736
03672
08601
05590
08049
12270
08008
13986
07213
05172
13202
11496
07425
13126
02709
01596
03592
01093
07053
13881
03445
05829
11609
00410
10973
11284
09473
07781
09108
07290
08584
14143
09000
05730
08742
10785
08075
00481
00417
04559
01404
09103
06792
00354
00594
06663
04461
06913
03326
08227
08418
08192
00382
10321
09961
06151
04668
12808
11294
05163
13284
11351
01966
07604
08037
06953
08823
05250
11831
08547
04205
12585
02890
04101
02527
13075
03025
12515
00037
09315
13250
01035
11128
03518
07287
11865
07027
02521
02651
06428
06773
08100
03084
11171
09829
11167
03737
07863
03049
05959
06862
00274
01918
05984
12949
05485
09719
07367
08958
12216
03105
08899
00518
03243
08989
09553
03838
06628
10508
05397
02600
09942
00493
00086
04228
10226
04673
06685
01212
09721
09998
09289
03265
10510
02801
13555
08582
06051
04152
02937
11238
12116
13379
06825
05488
01304
11278
00765
04292
02610
04427
08800
06900
00553
11688
03795
05440
10267
05848
12004
06355
04503
01690
13137
10817
11731
10119
10677
11589
05258
04118
02370
08110
08220
01558
03279
05301
05756
11259
00669
02275
04273
04515
12704
07929
08021
10202
03051
02243
03433
04224
02345
00021
00131
00344
06122
08281
05782
04647
12041
06638
09912
02499
14156
13044
03968
05026
06429
08956
09370
09203
11503
08662
06091
06196
01545
04066
09062
00575
08300
12508
02130
14102
06917
06104
12839
10363
08846
02754
08216
11142
10248
01887
01316
07092
07983
01641
03306
01898
12457
01071
01259
01666
02212
12582
13633
14347
11746
01332
07697
13185
09732
02554
12549
00543
00020
00951
05060
04827
12011
06044
11608
00699
11907
06946
01115
06187
03373
08982
05069
07452
11691
10943
12532
01112
07559
11100
04378
09601
00530
14157
04945
12146
04634
07760
01913
01747
02587
07846
12473
00621
12853
11991
11334
11338
04743
02942
11436
07165
08523
00163
02933
03750
00525
11729
11874
01632
01133
13798
03000
02556
05552
10239
00394
06173
03786
05430
03716
13841
11225
10349
07196
06955
00611
13622
02785
09598
12303
04982
06057
08973
07696
04948
12712
11563
12277
12283
06539
12134
07949
04728
07126
10288
00011
09074
06563
07942
04640
03805
06242
06759
12105
05672
01411
14006
01052
11786
08419
07355
06863
04836
10104
03239
00048
05616
11791
08922
14139
07014
01290
13915
04571
14181
14356
12178
13592
10766
02155
12805
01117
13421
09292
03235
00196
06026
10662
07652
06783
08054
11732
02178
09040
11224
09858
11932
11881
13964
10526
07525
01670
11405
04051
04692
10190
07771
06100
11648
05302
07574
03642
03056
13666
04470
13565
04150
07661
10304
07749
05142
10896
05683
04642
11894
09871
06897
09651
00138
12181
03057
11038
09171
14348
14042
07588
03761
06289
13796
13302
13290
10328
01358
05076
12609
11507
00268
06202
09187
11419
09355
07207
11400
14269
07623
12516
02713
13586
02696
01823
04028
00999
04730
10101
12643
01678
01516
04936
08209
10918
08926
05120
14207
05401
01756
00078
11288
00244
06559
07369
02806
08944
04285
07557
09364
11462
03978
03251
07412
10968
05560
01527
11880
02367
00003
05528
09141
14164
13255
04564
04938
02793
09844
13483
00939
06912
01584
13431
06444
03891
11088
06329
08600
10507
01574
02147
07420
09137
13220
11826
09570
05975
12138
07150
12458
13282
02847
10642
07740
05858
04096
02031
02090
11802
05414
03155
13603
05286
14334
12282
12192
01791
04288
05553
03404
00255
12320
04394
08150
09973
13629
06622
11584
04338
07715
07943
12873
04213
14253
01753
04372
00124
02627
03190
08480
09322
10016
07672
10667
10191
08363
04676
10348
00852
13217
06330
00431
07372
02375
06029
13189
05019
04290
03882
04419
10416
07294
01556
04887
03284
12070
08738
12963
11330
02117
08974
08508
09474
06895
04104
00176
05238
13956
03490
08568
04061
02360
09709
01461
03479
03963
04858
00364
06398
06682
10441
13303
05454
05686
00961
07398
02317
11175
13265
06879
11107
04227
09457
07665
10207
11209
10888
04579
01731
01113
02906
10169
09700
02529
10434
02364
09848
02352
03711
00216
03985
10290
08138
02620
11775
09522
01999
14300
03893
02662
06167
09216
13748
09599
14241
07630
01414
09656
12592
00701
08527
12281
08099
01655
01615
12758
06008
01398
09387
07704
04897
12769
02941
06944
08786
07233
11333
02586
01914
03467
04340
07036
09382
02435
12978
02546
05734
14274
09870
13995
13502
02541
10313
12899
13068
11787
02339
13751
12602
06208
12691
08544
13763
03281
03140
12021
01239
05247
05267
08322
13953
02386
14155
10377
08474
13249
11968
07945
00293
12276
06707
02230
03770
01448
11878
10037
06072
12800
02040
12113
01453
04874
05392
06426
04752
14083
04524
12923
01498
07731
07435
03877
02349
00115
03475
13707
03527
10791
03238
11560
10560
03374
05659
12400
00474
09878
12222
10487
07723
04295
13794
06471
09843
07072
10175
10470
13316
09451
09016
03200
09893
14235
08409
01633
03137
01489
08058
03580
03256
08613
03484
10909
01142
06660
06193
09806
01559
03944
03818
03302
00529
02752
11484
07645
08303
01993
11059
08771
01599
01438
10983
03334
07680
11866
06814
09429
12744
07270
10105
05004
00570
10749
02490
13570
08866
02063
09005
11252
06391
05642
12723
08387
06164
05359
12606
04343
01122
02911
03197
13039
04287
06924
12251
07551
13910
08470
01560
10678
09667
01865
13845
02871
01073
06431
09051
04682
03570
13317
09645
08826
05778
04460
08031
13146
01645
03093
04512
10443
10636
03792
07252
05188
07482
12506
03605
05223
08247
00673
08824
07946
11975
02084
06852
13983
09462
11103
02350
00067
03614
09817
04576
10125
11883
04438
02068
07861
11007
08812
05759
00282
09647
03259
13683
06668
02234
12820
03350
04446
11591
11424
04973
12387
04226
11629
02132
02244
12336
09673
03010
02601
04842
04551
03242
08704
10013
09434
02104
06413
09636
01499
11650
01565
13897
00331
03850
09233
01570
09776
05422
08407
09545
10816
00288
08293
14278
10292
01314
01470
03611
06144
07893
06798
08978
05061
11699
09156
12811
04361
02617
05483
00963
13809
00893
06314
05148
13458
14199
04715
11322
04110
01327
07510
09130
13321
09895
03228
03148
00710
00340
05167
12635
05800
03311
08385
04480
06385
04813
13997
12964
08861
01455
13323
09917
05865
09836
02975
13511
07862
07322
01880
14120
08791
02835
09018
04206
02359
11940
05277
02400
14311
10224
05534
09820
12338
12165
14186
13913
08790
03962
04177
03464
03943
04837
13693
06040
03887
06414
07038
11320
02361
13588
09305
07045
12595
09477
05166
07237
10020
02842
12539
09827
10209
07443
00448
03491
07925
09508
13769
06313
02702
10789
08617
12988
11893
02634
05641
07822
10724
10721
12793
10616
00022
06867
07916
11213
04412
05586
02947
05993
00652
05877
09338
00660
01830
08320
12221
11612
08942
03996
10142
12918
06030
01818
07788
01261
09411
04093
00113
08394
12661
05997
11933
00616
08228
03806
05657
11203
07648
10197
10972
05230
09691
06589
07815
13164
14061
04960
09262
04385
08592
13320
10884
01899
09261
10561
11632
00565
13745
02346
13331
12833
05135
08380
06548
11137
02355
03594
14166
08498
06978
09033
07865
08884
06608
11456
07189
11623
01325
01383
12944
08777
07710
07950
12153
07391
12096
12747
06112
01412
01026
09476
05412
02382
12316
13020
05444
01877
02206
08312
02308
02532
04664
10478
00169
01150
08577
00845
10427
11345
13875
03468
12600
04389
04716
07694
09447
01463
02759
09643
11678
10556
13600
14076
02383
08887
07303
00898
08952
12787
06664
04870
09180
02171
06544
09816
11755
13805
11379
03429
12252
03689
09490
10550
06424
01394
13141
10354
05133
00444
13656
06309
06687
13239
02270
12782
09959
00671
12905
01225
08783
08341
05828
10409
01813
04525
12381
06976
01639
04821
12026
03048
01826
09577
13495
10763
02071
06868
12439
12806
10993
06903
07337
09962
06629
09158
14359
12451
01765
02615
12475
12089
10584
04417
13724
09978
07885
07964
04496
13686
05180
02264
05557
01008
03098
10144
10261
10371
05436
05085
12298
13333
08233
12169
10621
10611
10591
14015
09904
07146
00888
00046
13236
10281
09615
06680
08285
09690
11523
11427
10783
08132
02930
03023
05231
03225
06291
03418
05781
13036
11307
09731
00234
02822
00406
14200
11953
12986
01439
05812
05952
08189
06440
03869
05086
02744
13926
12760
00271
14242
11052
00148
04386
09985
05905
10835
02845
10128
03032
03549
00018
04201
11847
09785
03298
00300
01127
07518
04211
03184
00855
08630
10659
07475
04943
07102
04244
05599
07797
10609
08296
08712
08477
09788
02299
11365
02743
08428
04345
03546
07067
03094
03855
12846
11053
04881
08217
06575
09483
11383
06238
12119
10451
05719
05438
04849
07790
02283
07216
14272
07759
05561
06503
09971
03271
11616
00369
02190
04154
11277
10513
08221
04872
06014
05866
10926
05755
02421
09804
00222
04738
08351
10271
09828
02204
10839
14210
04080
07312
11825
01099
14358
12066
00743
03439
12736
09602
02585
01256
04232
06493
10844
05658
06758
04519
11045
07380
06486
14193
00173
01340
00191
11467
01409
12572
01689
08081
08621
13475
13834
03482
06356
08283
06243
02750
06751
01022
03274
13088
00345
13446
08586
12297
12087
11161
12272
02111
09175
03988
02570
06839
11920
02970
12803
08916
04103
09039
03053
02381
04929
03626
02477
04084
03318
05855
08590
02691
00957
11426
07713
07070
12968
04400
04616
08190
04040
14021
11823
06782
08610
12106
00249
07171
02109
02993
01613
05052
01329
03908
00502
13668
07821
03785
00841
11565
02778
06136
06942
02014
12493
08020
12732
05125
04153
03694
09543
14066
06859
14081
00919
09784
04253
02295
08465
11343
04077
00794
04710
10707
08976
05193
05131
10834
01249
11862
10461
